78783
83971
97000
78323
122290
122474
151293
122223
122578
117332
150820
151291
122385
150803
151297
149414
123306
149413
57408
151294
122502
122268
123677
151300
151298
150797
142717
151089
151495
151234
147930
151552
150073
151088
123748
150914
149983
151492
115984
151267
151299
151038
151490
149463
147896
150276
150301
147410
150306
151102
150877
149800
150273
123702
150871
151083
151048
122615
150322
150275
151286
151551
150308
149762
150958
122155
151069
151296
122588
150907
151437
123552
151053
151493
148659
151561
150860
122726
150901
151066
115992
151448
122927
150934
123637
122431
123531
150893
122790
122986
151090
150221
150317
50617
150853
149592
150983
150799
151422
122648
149731
149446
149792
116355
123550
151052
123741
149594
123302
115478
149962
148463
151037
149092
150548
118326
151229
143978
150886
117971
151442
151099
123168
151000
150885
150869
150288
150298
149796
123330
151050
151109
149738
151002
151114
151032
151028
151074
122730
122407
150565
150963
120101
150944
150895
150931
150297
117963
151548
149947
150954
122951
151208
149857
150951
148369
151430
151064
149720
150919
150303
122867
151292
151284
123642
151018
122768
150996
148922
151082
150904
150856
149743
149733
151289
149771
123761
151285
150937
151265
148095
151036
150739
151212
151087
148230
150878
150570
151016
150532
150994
140576
150279
150019
151202
149964
151544
119942
150875
151084
150900
151436
149798
151204
151033
151484
150975
151486
151288
149098
149856
149979
151592
149980
150922
151110
151029
149772
151072
150988
121774
150990
150846
122647
151446
151078
151075
150993
151091
151213
150857
149755
123000
149734
150962
149438
151547
151226
151219
148001
150538
150549
121668
150858
151023
149729
123132
122928
149454
150309
150978
122941
147699
151070
151203
150915
137722
122186
150796
149117
150863
150883
98844
151550
150096
132259
151009
151433
148930
151017
150283
150571
93973
151209
151045
150891
150535
123765
143482
149758
150911
151049
151543
151112
148886
150818
150196
122520
86278
150992
146965
149765
151041
150118
151607
151034
150845
122318
150867
151434
151470
151006
150960
150881
150747
148353
150210
140451
151015
151030
151191
96835
150737
122252
150888
150969
147342
151068
150544
150906
151054
149112
150822
150882
150920
150021
150569
149455
150808
147903
151004
151619
151101
123179
150838
146559
151221
151231
149577
149321
151201
150810
149859
149780
150017
149726
148650
147945
151205
150910
151444
138622
148648
151228
150933
150318
150793
149460
150112
88950
149104
151115
123533
150113
147895
123348
149991
150211
118754
150892
150982
75171
148631
150987
151031
149080
149465
149986
150310
150941
150916
151096
149853
150868
149764
147390
151046
122597
149785
150884
151198
150903
149789
149851
149766
149466
150255
151065
122977
148916
151060
150313
149774
149854
148850
151194
151489
150256
151059
150212
150282
122190
150902
151432
149708
151010
151280
150798
151532
151024
149803
151610
150574
150319
151223
151225
149246
150909
151440
150851
151471
123201
150462
74472
151441
151199
146884
150296
148418
151081
150879
151196
150272
149228
150852
122699
151019
149802
150855
151012
151008
122131
151062
139034
123234
80785
151295
149430
149781
61902
150974
150573
150966
150932
149135
151003
123594
98403
151445
123616
151211
148654
123539
150219
151063
148332
149308
148806
150299
150936
150791
151553
122532
111788
151417
118510
150984
149464
150998
150287
150795
149412
150872
149728
150880
150890
123618
150967
149075
122361
149093
123319
150517
150108
149434
149849
147709
151192
151044
117938
149787
150274
150302
149984
149830
123352
149976
149752
151482
103940
122288
150854
150905
123456
150970
123092
122260
122882
149114
122803
151214
151022
149777
150099
149805
139899
149730
151076
151207
150965
149576
143957
122814
107754
149113
150862
149776
149831
149457
151243
149713
151111
123640
151611
149699
150578
151193
149846
151040
151117
150929
151067
151639
116411
149829
151093
148920
150187
151483
149779
150572
148662
150938
149227
123030
149002
148075
150812
151179
150560
148025
147017
150980
151190
149128
148627
147957
150280
151260
151100
149982
123528
123028
123333
150064
149836
150897
150925
150826
147555
151617
150575
151039
149847
150576
149034
149848
151494
147897
149110
122660
149254
45854
151164
150316
151283
151491
151178
123706
151443
148925
149106
151001
151173
149130
122379
149462
151105
150027
147956
151095
150811
151195
148531
148679
148676
147589
149077
150957
150780
148420
122822
150209
151172
150976
150972
149249
146428
150955
147675
148342
149842
147421
151177
150523
146125
151162
150918
148349
150305
148552
122302
143962
148863
150281
119965
122860
149850
149101
90978
123624
150741
143920
151043
76035
149307
151116
148328
151071
65653
148677
123017
122428
149100
150999
149437
151167
151481
148336
84865
150945
149587
137332
150774
151166
151230
151174
151557
150473
150870
149751
148647
150782
147217
123619
150995
147595
151007
151035
151171
147968
146949
150779
150908
149739
151027
150823
148131
150409
149459
150840
123184
151224
38167
122556
150837
148666
142626
151186
150927
149735
150321
123545
150577
150561
149719
150014
123337
150961
149757
149732
55125
147760
148027
151176
150865
150026
123746
149290
149778
122694
122825
116942
149761
150834
122574
123288
151161
148509
150953
150278
150930
148511
147290
148500
148550
150949
151106
145859
148918
149071
151092
151438
149111
123667
148529
151450
149681
146687
147703
133701
149828
142178
148263
150315
149759
151079
151098
143445
123009
149078
147114
143293
149740
150950
149748
146408
150566
148660
150056
151210
149072
150894
150979
151042
149136
145715
147904
149741
150968
148347
148352
150948
148919
122690
150100
151163
149138
149070
149770
149784
150410
143459
146173
123267
148778
151215
117769
151605
151558
149793
119923
150866
123368
150959
80203
123245
42723
150189
75271
147847
151281
123282
149229
151263
150849
123715
150320
148663
149801
149248
122741
95637
150844
150850
148674
147291
122241
150896
149230
150977
122320
148624
148635
148665
151107
150913
150873
149353
150935
123323
143969
148343
149827
146431
151545
151596
143642
147656
149231
147420
150551
149435
151587
94549
145713
151026
150781
148638
151025
123005
149289
149091
151104
142709
151218
150254
148326
149470
146855
148870
149372
149575
122179
148368
150304
149737
146799
150833
140737
137583
147303
148367
148755
150859
150940
151216
150207
150767
123329
147714
148549
149441
147422
123725
149089
30170
150816
149747
149578
148884
135845
151290
151165
150943
151057
138137
150020
148090
150986
151061
123127
149852
148754
151487
142222
149978
151047
151287
149252
149794
122889
150525
150789
148191
150917
148636
141690
148532
149103
142543
122644
134502
148777
149763
149109
150942
149225
148366
122891
132533
150784
149118
122424
149107
150861
151055
149137
122509
148924
150407
122878
149129
150815
140933
148633
150946
149855
150997
150952
150832
149094
139723
148334
151419
146638
122810
150220
147982
150537
149086
143060
148882
151217
149736
150971
149082
151261
149085
151528
149655
123517
149753
150989
150060
150314
122739
122576
70290
122904
149797
149081
138626
123751
147859
44046
149985
149754
117975
150461
146579
139885
140101
123704
149253
123627
148231
122483
67853
143515
140045
150307
143366
150848
151158
148649
138153
148923
147708
147704
150964
150408
150713
149981
150755
122198
148775
122332
148656
122271
149804
148667
149116
147220
151533
151108
122922
150470
142595
149395
146787
123499
122605
137053
86923
148862
145024
122421
151180
122936
140028
150835
148869
148089
148917
149247
148664
109540
141917
145994
146557
131174
147449
148822
146843
149458
149989
146643
122481
147559
148643
150785
151168
65878
150697
142495
121405
150772
147423
115963
56261
150939
151014
123758
149099
150776
151485
148070
149105
142382
122823
149356
145398
150251
150787
150876
150016
151169
146682
149132
150928
151468
123111
148926
141122
149461
147222
149746
117968
123695
150923
149292
147551
149134
132697
146155
151262
148348
147778
122148
149707
143858
123410
149791
150581
123068
123421
80605
147550
149706
150730
151094
149688
151200
122177
149079
151488
148756
122517
110119
149786
146245
138911
148804
122949
151546
150839
122500
81943
148153
148135
150712
150169
148528
149381
46074
148927
69124
150167
148553
147701
70237
149084
123112
149083
146790
137912
149988
149843
122935
148527
140953
123207
149549
151058
150947
149858
146782
149715
146789
147052
149977
123383
149775
148300
149003
149059
150063
120410
146430
123490
146919
144978
151187
122369
140270
151085
123058
148078
148685
148625
148259
149867
150841
148082
149773
150727
123551
117288
91556
39957
151222
148887
150208
142947
148673
72528
149727
150773
149724
151220
149860
150552
151418
144982
149097
67089
150499
151435
150568
146551
149142
44694
122445
150550
150831
123622
150788
151097
150813
147187
151227
145853
147509
86939
150771
147304
149744
149273
146239
149750
150626
150828
149573
148344
151539
122861
146950
121798
149788
148883
148333
149799
151429
151184
135625
123187
150236
148341
123117
150115
150069
148092
148583
148258
122649
151591
148628
146644
142990
123390
151503
149832
150071
136139
148482
150973
147325
139108
151077
146459
147548
148682
150072
146433
151273
148626
149837
151447
149841
122903
149839
149695
148934
149456
122458
150468
140909
145415
123542
123109
148881
150729
148417
148087
123123
147906
148030
122414
122392
122282
148637
146344
86451
148081
147765
147860
122368
149066
151188
147015
145362
150716
151559
148339
147223
149696
149550
146290
148621
149286
150070
122692
137728
150830
137752
136591
141054
123789
137109
122518
94564
143981
151627
150475
146462
150469
122381
150567
148928
123501
143816
150477
123623
143763
149840
123639
134221
148658
149835
147558
122631
123654
123283
148678
148000
151073
149844
148640
151244
122370
53753
148684
143454
149834
143116
94981
151549
123625
123443
148921
123165
143485
148642
148330
151502
149689
150864
148494
150926
149838
149783
142550
123254
151275
150286
149865
150898
89832
150182
148686
122557
150524
150311
148861
147857
149139
149590
149888
146038
122402
146213
147939
151232
150166
148331
123376
150522
147301
147590
123073
141530
137035
145288
123641
141713
122316
151540
148929
147305
149232
149845
151571
149439
147553
148160
150674
148257
150843
148088
150805
148579
149288
147341
150474
150786
147282
150777
123432
135253
146650
149001
149790
150790
149701
148525
105305
149686
147955
70270
148132
148355
151279
147453
90098
122437
149673
71195
116734
142030
149760
147594
150154
150924
150044
142695
150546
142998
146539
149095
150991
147861
148083
89234
137306
151606
148091
148340
149069
151534
148609
147458
149140
137557
150804
122899
149588
141809
148076
146025
146805
147424
147242
146788
150680
148526
149709
149677
148072
140107
138514
150766
123272
88817
139008
147429
151449
122285
150179
149627
147608
150981
147650
122482
147893
122760
150874
145758
123401
147557
149250
151625
146460
122172
134821
137227
146600
150520
148370
150956
122575
147331
140208
150541
148419
149697
147766
148261
142187
148799
123435
148354
150768
143639
148350
146316
151609
151103
149143
150801
150434
150277
150173
151588
123086
122469
149393
150580
138866
114068
149657
150673
150748
149659
149705
140965
151181
122226
148645
149073
151189
149662
149161
148071
151086
149226
151631
150123
151480
148426
122390
145495
147780
140706
150921
147013
150190
150587
150765
122417
148432
147016
147592
148773
147425
149063
143163
131720
150672
149825
122135
147855
151622
148675
149892
122376
147110
123476
122470
149768
139360
122242
151623
149133
148653
151439
148821
147306
150081
122462
122706
151185
123509
141200
122809
149239
122363
148262
147388
151629
151600
143080
149551
148094
145636
83476
149277
148634
122646
141886
122263
146793
145143
151011
150018
150670
122811
145791
137110
149102
150476
149756
150239
148129
137981
151335
147561
151170
148138
150478
150912
150015
148337
150480
148084
136726
146760
143325
146293
140699
143564
147113
148641
146887
139106
70349
151637
140751
148632
148074
122563
147103
132583
30727
51262
148661
150413
149520
150806
148023
149602
141899
148828
123166
123671
150412
123535
92375
146240
147274
134119
151527
148681
149141
150545
151021
147695
151351
123082
150770
148836
151634
148022
148183
144874
123681
151626
150253
142558
147167
150300
123446
148630
142844
147219
123645
150728
147901
23543
123473
151005
146945
148134
149678
150724
151479
141951
147415
151277
151013
146977
146860
151541
149685
151472
150109
139440
133929
148753
122851
139718
149605
151235
147649
129237
147632
149717
146926
143877
151051
147418
123275
149087
123080
150177
149712
123596
138439
147764
148639
123126
131136
122440
140956
123457
151372
136397
122307
150715
140606
122276
146645
150252
149826
139649
148801
39170
142322
151584
148530
150736
110324
131726
123205
133730
137670
56161
148757
146892
83893
150711
141488
123749
149649
142358
117709
141624
150754
139225
148683
146968
43732
141282
147593
149050
148152
149278
151636
149244
139488
140459
148554
134802
123712
123687
147419
118589
146730
146461
145508
133735
149440
147226
151338
137994
150842
150378
147694
149598
150240
141826
146933
150423
150825
147109
117945
151628
149096
122680
150125
149606
132518
123169
145014
122995
146812
150142
122796
151371
123251
146938
150745
149090
149436
149745
150224
147428
150312
145775
149108
147696
146746
123006
122925
140599
143306
149380
74887
122213
143771
122685
123703
147330
145916
143442
151369
148356
150472
122188
149373
140893
130161
149065
149795
122635
151570
123163
148338
150186
149251
140183
149626
151374
150433
149889
137443
145067
150457
139689
139003
147054
142692
145945
145637
122309
137953
150057
149427
143240
151080
149074
149672
143923
139808
122711
65652
147323
122872
150506
85614
150679
148651
149897
150188
139245
122794
56622
150653
149898
146921
149910
122857
151515
44080
119661
150769
150703
122758
150291
122383
150725
148073
122125
149545
122214
122778
146857
148304
148260
148751
122231
148817
150588
147562
151175
137642
139919
150663
122348
138042
146761
150424
123307
147105
150899
149409
147828
149522
117965
133443
148845
122735
148652
142584
148159
123226
38988
123707
150403
149166
150243
149887
135029
149890
123338
146196
148476
148969
146601
146649
123506
147451
143196
123549
123227
145834
122505
149769
151113
123061
148184
148223
132845
148551
151245
151589
140808
140999
149515
151624
146288
146034
150553
122373
30860
145744
139907
98102
136449
122281
148079
136210
150585
137847
148351
92500
122232
122273
148987
147713
147427
150582
138177
150382
147535
150435
150985
138805
123576
122675
83576
122451
151512
148964
149971
123134
149937
148080
137527
145279
151182
148986
147900
148618
148657
134870
123066
122751
151206
122919
123503
146057
122394
149131
149767
145291
147389
150034
123122
147588
150746
122920
122153
131338
147279
142790
147879
148240
122776
148789
123777
148852
150547
151383
148489
151414
150116
146499
146275
123463
151585
147524
147894
143728
147563
133745
148046
122939
123183
140440
149060
122630
149115
151431
145726
136460
150399
123377
123310
148086
122558
147456
137207
150614
151334
148305
150710
146341
148568
151256
123342
97568
147406
146820
122145
141141
150889
148077
122020
149317
148466
122898
133949
147469
147942
150111
151197
98580
150563
147935
148323
150377
151337
151020
140595
148865
151312
122917
149943
24962
144809
139342
147534
122639
148733
138571
147756
150213
149749
133710
150121
140622
123419
140898
146599
122845
150035
149619
147522
147905
147094
122885
148587
151524
137501
122762
149670
123174
151635
149344
148459
123515
151344
151056
147556
151413
149383
150397
142783
150098
148405
149999
147357
148069
135796
119809
151271
119828
143352
146904
147710
50737
142203
147218
148655
148718
150467
149725
147198
150390
123358
151373
148464
151517
98774
150714
147902
149862
123101
150110
149076
141304
151381
123371
123085
148475
151269
150450
120906
149927
90196
147858
122918
145832
148888
151412
122733
143513
145588
149407
143545
151572
149245
120235
135832
137221
122856
147413
142784
148646
150720
122456
146327
150698
142311
142612
142415
151324
146802
148872
151322
146541
147757
114364
150201
150241
150778
137950
142461
123175
150136
144139
149067
123475
140480
123493
148123
150097
147856
134852
148566
145594
150080
122275
143902
149291
135346
145946
146581
147188
146406
72128
147705
122909
147940
146458
122701
150683
149154
146487
146779
147986
149894
122374
145882
149833
123646
147673
151391
98018
151421
140090
150589
149300
150662
149088
148026
150091
123689
122746
149384
151379
139571
123032
122265
122829
147898
122468
123228
147591
147607
151320
150036
146943
148914
149012
148346
147276
122398
150090
150678
135175
148726
146859
150758
147702
147459
148289
149710
135426
150155
136092
122367
122538
147657
123429
122633
141983
145897
143336
148723
149637
143204
149968
141187
145546
150157
146405
147523
122966
147369
134053
123060
151394
150627
135695
123308
147707
145433
122346
134807
147022
123615
148800
151353
141614
141356
149350
122971
145890
137506
146896
122044
123118
150004
137129
122535
130182
122745
146495
149177
151336
123345
151508
149616
147019
148516
138261
146432
142410
148345
146533
148837
148589
122723
149629
150702
149360
148335
146323
147943
146791
151542
148004
148680
150617
146500
150521
150624
150235
122632
141909
147014
150783
142659
148781
147781
145672
122743
149432
88343
141063
149866
123108
147302
150003
151411
149521
150735
151523
123361
123726
147554
90854
122191
73200
123660
141921
122619
150699
123403
123014
149911
122773
138819
148644
150509
148376
122789
138683
123553
120053
146598
122274
148788
145591
140698
122149
143095
148838
148450
146410
148093
123583
143734
123661
143706
122310
142759
122291
122954
151368
122663
147237
141777
141444
150246
147899
148060
133542
150040
130533
147759
71907
135471
146212
123070
146498
80661
123379
142320
123002
146183
151388
146831
149491
147531
149895
142458
151396
150375
139611
149301
147640
148021
148327
146743
136801
143511
150633
149169
141336
149361
142059
148739
69236
149610
135995
150615
144871
149330
147746
141202
146888
146403
123246
149315
146276
148190
143988
122473
123649
122326
139446
149144
122555
150542
135457
149351
148024
131343
116436
149645
151633
148329
147653
146407
148963
122581
151345
122516
67796
142722
142531
138746
151325
147455
150124
150498
131415
64792
122934
123233
145864
123347
145136
122831
147234
142129
123581
150000
149285
138231
150050
140931
150037
146185
148812
149319
149603
145860
143031
122201
151339
150238
146322
123500
147416
123069
144785
118573
123158
149165
150369
147040
149316
151343
148622
149601
149408
141955
128244
128245
128247
20711
31411
35178
40666
42311
46750
49128
51461
52798
52806
53025
54784
55890
58208
58230
60596
61804
62823
63039
63400
64388
65727
65877
66521
68298
68739
69033
70597
71928
72219
72573
74361
74577
74866
74884
75671
76986
77137
77150
77407
79621
80090
80091
80178
81250
82706
83002
84141
84238
84705
86089
88940
89434
90476
90711
92187
93178
93255
93920
94305
94491
94825
95069
95522
96155
96808
97259
97529
98313
99012
119349
128257
128404
128477
128511
128527
128563
128592
128620
128673
128676
128712
128736
128741
128752
128806
128833
128840
128898
128903
128908
128948
128964
129050
129081
129095
129114
129115
129140
129184
129186
129190
129214
129243
129277
129300
129323
129342
129351
129397
129421
129438
129441
129444
129453
129454
129456
129457
129497
129508
129513
129524
129543
129575
129584
129593
129603
129605
129621
129629
129658
129683
129734
129750
129774
129775
129779
129795
129853
129909
129910
129927
129936
129960
129978
129979
129983
130001
130024
130049
130065
130080
130082
130091
130159
130167
130175
130183
130200
130218
130247
130285
130301
130320
130367
130373
130416
130447
130460
130493
130522
130531
130542
130551
130557
130560
130585
130610
130618
130628
130634
130658
130659
130686
130711
130742
130748
130750
130754
130760
130764
130784
130789
130791
130799
130818
130835
130845
130846
130880
130900
130905
130932
130944
130970
131041
131058
131078
131082
131085
131090
131102
131109
131124
131126
131127
131129
131155
131190
131202
131213
131227
131235
131240
131257
131286
131289
131290
131298
131313
131319
131339
131360
131365
131369
131379
131388
131401
131421
131422
131430
131437
131510
131516
131532
131557
131576
131615
131627
131661
131675
131691
131730
131734
131745
131770
131788
131815
131844
131852
131858
131864
131872
131882
131886
131926
131946
131956
131957
131987
131994
132010
132078
132098
132105
132108
132129
132134
132136
132172
132191
132201
132221
132267
132276
132296
132316
132328
132350
132379
132383
132395
132398
132434
132446
132463
132470
132504
132505
132507
132515
132560
132566
132581
132604
132605
132622
132627
132628
132641
132680
132709
132712
132713
132715
132722
132731
132735
132740
132742
132758
132761
132811
132840
132855
132882
132907
132941
132950
132952
132966
132973
132977
132978
132995
133080
133112
133117
133137
133149
133153
133163
133164
133177
133214
133219
133229
133230
133232
133233
133244
133263
133268
133298
133356
133377
133395
133399
133401
133402
133421
133422
133430
133432
133440
133466
133512
133525
133546
133571
133579
133587
133589
133654
133680
133685
133722
133764
133770
133790
133792
133794
133815
133845
133848
133851
133871
133897
133900
133902
133925
133926
133953
133989
133990
134048
134062
134071
134092
134103
134121
134152
134161
134220
134262
134263
134286
134334
134344
134354
134357
134366
134371
134390
134397
134402
134405
134438
134447
134448
134459
134479
134501
134538
134554
134606
134614
134643
134646
134655
134676
134678
134696
134698
134701
134702
134712
134743
134755
134781
134795
134816
134835
134861
134880
134894
134895
134896
134911
134918
134930
134932
134945
134949
134984
134988
134991
134995
135009
135053
135060
135097
135125
135161
135162
135198
135202
135217
135238
135245
135248
135263
135280
135288
135289
135302
135309
135314
135319
135355
135367
135383
135395
135400
135438
135441
135449
135452
135465
135472
135485
135515
135517
135529
135546
135554
135558
135581
135582
135619
135633
135652
135694
135709
135733
135751
135753
135767
135768
135773
135787
135792
135808
135820
135827
135830
135835
135843
135879
135900
135914
135938
135947
135949
135989
136010
136060
136074
136132
136150
136153
136219
136224
136240
136254
136255
136258
136271
136308
136328
136343
136379
136380
136381
136393
136401
136425
136461
136463
136472
136481
136487
136492
136561
136565
136571
136573
136579
136584
136595
136597
136601
136628
136631
136672
136678
136680
136685
136695
136714
136715
136737
136749
136750
136756
136767
136793
136799
136808
136809
136812
136831
136834
136843
136876
136890
136926
136931
136960
136965
136988
137011
137025
137045
137115
137137
137155
137167
137181
137184
137199
137210
137222
137239
137242
137249
137259
137262
137272
137286
137315
137358
137381
137382
137405
137407
137414
137440
137447
137472
137473
137491
137521
137626
137631
137633
137635
137651
137662
137663
137672
137679
137682
137685
137708
137721
137737
137743
137755
137760
137770
137774
137791
137794
137813
137816
137828
137832
137841
137856
137865
137870
137880
137881
137886
137888
137955
137962
137975
138004
138035
138041
138049
138054
138058
138060
138064
138068
138072
138076
138096
138105
138110
138134
138142
138160
138170
138179
138182
138193
138195
138199
138200
138215
138222
138234
138243
138262
138274
138285
138294
138322
138333
138339
138369
138376
138381
138390
138395
138404
138406
138415
138416
138427
138470
138479
138488
138490
138503
138524
138529
138538
138543
138547
138565
138577
138595
138632
138654
138656
138662
138674
138678
138703
138739
138741
138753
138759
138764
138776
138838
138851
138890
138905
138909
138923
138934
138952
138979
138992
139004
139035
139037
139046
139048
139050
139069
139085
139086
139094
139103
139114
139117
139124
139131
139154
139158
139167
139171
139176
139205
139228
139279
139294
139305
139310
139316
139332
139334
139345
139355
139357
139394
139397
139407
139424
139432
139433
139448
139454
139464
139473
139481
139483
139521
139553
139557
139561
139569
139599
139606
139607
139610
139629
139636
139665
139729
139749
139757
139761
139765
139795
139804
139838
139855
139876
139892
139895
139910
139920
139922
139933
139967
139971
139989
139991
139992
140021
140029
140036
140037
140059
140073
140076
140105
140159
140177
140181
140191
140198
140259
140265
140303
140332
140369
140377
140378
140403
140405
140456
140461
140477
140492
140495
140501
140524
140550
140561
140570
140586
140633
140660
140665
140671
140679
140681
140688
140709
140715
140724
140743
140750
140768
140783
140790
140804
140813
140816
140835
140837
140864
140865
140900
140929
140949
140954
140964
140967
140985
141002
141017
141037
141044
141049
141057
141065
141076
141095
141099
141101
141112
141117
141130
141151
141157
141186
141190
141214
141234
141250
141272
141286
141288
141322
141340
141341
141389
141394
141408
141433
141435
141445
141451
141459
141496
141501
141503
141510
141511
141512
141538
141548
141550
141554
141579
141583
141599
141622
141623
141625
141629
141672
141686
141702
141717
141728
141733
141740
141743
141810
141817
141829
141877
141880
141882
141887
141889
141892
141902
141904
141942
141945
141978
141989
141995
142018
142062
142064
142087
142102
142114
142165
142200
142230
142237
142271
142282
142333
142335
142381
142416
142437
142447
142448
142449
142465
142501
142513
142534
142537
142576
142607
142615
142643
142657
142670
142679
142680
142683
142699
142719
142753
142800
142803
142813
142814
142828
142859
142864
142867
142874
142908
142916
142933
142944
142955
142957
142966
142970
142999
143029
143036
143046
143048
143061
143066
143069
143094
143105
143107
143121
143136
143168
143176
143178
143179
143212
143232
143234
143238
143257
143274
143278
143308
143317
143370
143395
143404
143420
143441
143457
143469
143480
143503
143519
143532
143546
143593
143646
143650
143676
143680
143699
143718
143773
143789
143797
143820
143828
143871
143893
143903
143909
143932
143967
143991
143999
145341
145344
145349
145351
145363
145470
145489
145522
145553
145565
145569
145575
145641
145829
146051
146107
146174
146175
146207
146267
146444
146465
146474
146501
146675
146719
146762
146809
146810
146891
146897
146969
146976
147020
147021
147047
147048
147049
147056
147111
147112
147154
147177
147224
147225
147243
147254
147356
147387
147426
147457
147485
147489
147507
147560
147596
147628
147711
147712
147762
147763
147784
147798
147801
147815
147820
147821
147835
147836
147862
148005
148028
148029
148136
148193
148232
148357
148358
148359
148360
148361
148362
148363
148364
148421
148422
148423
148424
148425
148453
148458
148465
148473
148477
148510
148533
148534
148555
148668
148669
148670
148758
148759
148776
148825
148826
148830
148831
148885
148931
148932
148933
149119
149120
149121
149122
149123
149124
149125
149127
149255
149256
149257
149258
149259
149293
149294
149312
149346
149348
149354
149357
149358
149365
149415
149442
149443
149444
149445
149467
149468
149469
149527
149806
149807
149808
149809
149810
149811
149812
149813
149814
149815
149816
149817
149818
149819
149820
149821
149822
149823
149824
149987
150022
150023
150024
150025
150088
150162
150163
150164
150165
150170
150174
150191
150192
150193
150194
150222
150284
150285
150354
150619
150621
151118
151119
151120
151121
151122
151123
151124
151125
151126
151127
151128
151129
151130
151131
151132
151133
151134
151135
151136
151137
151138
151139
151140
151141
151142
151143
151144
151145
151146
151147
151148
151149
151150
151151
151152
151153
151154
151155
151156
151157
151159
151160
151496
151497
151498
151499
151500
151554
151555
151556
151618
151638
