85071
107658
127896
79883
118508
127117
126647
124292
64424
126545
118260
108577
112162
55716
110024
116552
115614
127748
90050
127367
47073
98668
114533
108918
117857
71785
122032
127438
120702
113004
114836
89473
127667
89475
125700
58508
115105
114860
96348
112907
115970
81259
72710
117011
126634
127577
120048
112620
115216
105435
107572
120454
107102
33786
123745
113983
93249
121475
118228
114692
115487
115108
127531
126257
122315
117929
127877
124647
126626
123997
124069
106920
31960
117098
98100
119465
123107
125808
120894
125786
127711
123611
107818
119709
87829
116452
104121
121671
124971
122047
124703
127769
126754
126357
118377
123584
127024
110410
51574
119162
66534
112206
38335
119003
101056
44001
113720
124114
95073
125759
118751
127865
123563
127671
111750
113774
126778
82354
114540
109414
84576
120232
96737
123510
126157
120318
90412
76371
125654
45794
115107
113190
115977
111962
55722
79423
79008
125491
60934
87551
36397
110025
119751
125837
112668
94489
126445
72740
120639
117909
115858
115109
71390
74300
99944
119407
79740
28288
114456
52362
94727
122283
120100
29475
88542
74016
45146
115319
85658
121004
26525
123046
121828
73018
85952
61105
121818
118392
118761
127014
115058
120581
18706
71038
95779
99202
52722
57261
120348
82823
120419
98414
73016
59066
95664
121235
24452
84459
87332
88039
88023
125437
53974
73530
126859
67750
117159
89496
122451
91296
89673
119201
68131
125779
127660
115326
126711
92376
126612
67444
121273
71337
75572
117319
118313
107286
57722
98797
125015
77047
56631
76271
120882
57361
57260
114612
127670
87378
69679
84676
79364
116400
121940
111256
108866
97935
92378
85731
112759
91845
35922
84993
99874
116834
76613
92078
114282
63547
51821
85751
122690
87012
86849
37074
51717
96240
62322
31827
126522
83043
96165
96865
51345
85998
55557
111456
76933
99072
104267
73228
63133
54853
47817
120375
118940
59437
127213
122566
87941
124454
63216
91543
125445
80408
93600
55553
91817
93202
91954
91050
80371
117623
46954
126424
84915
73433
74634
125582
72031
77961
109046
77664
99118
121764
26815
71819
118289
117749
62588
30058
127796
79142
55780
82708
16123
113316
63002
89443
118390
81761
98569
19299
68718
78414
78867
108725
123482
85209
115741
117930
115490
125035
85965
84875
118068
77743
84670
122929
81885
63664
61963
72668
114990
43040
109676
108188
41057
99503
119861
109037
99037
99326
125862
82929
123496
90932
124264
70336
116079
83706
88606
63979
98093
73308
118251
121357
40270
94996
122863
79455
61728
126477
113878
27958
89854
124380
98656
72576
38365
42049
96463
94497
53335
13765
33031
82812
71449
79702
125184
58775
89917
55591
77540
96656
97490
89609
116019
91510
88136
89531
122954
69024
43619
124002
84904
93479
27926
106039
127928
124137
126426
77299
58474
74967
73329
84879
77666
99680
125440
89590
125217
59228
124181
87826
85977
84765
72295
94226
126408
68393
66978
120967
125615
67580
24926
123370
66532
79354
43823
111057
29138
71946
82422
80246
126136
89863
115510
51941
92656
82468
90334
123420
93475
113806
120260
123836
55303
123535
122646
90013
108509
78109
123748
121926
126348
80289
81344
127738
64273
83877
118100
126786
70640
79652
76843
64558
76709
122614
126926
66118
95791
117359
27765
122662
92687
124057
110094
52594
97630
70224
73573
80754
119927
120760
123216
71927
116902
75987
125768
95649
70528
123654
66753
99055
102801
117720
109009
121209
75299
40036
123972
116589
119240
71227
121470
82496
124290
93290
122951
44791
66417
99071
98356
117400
49371
127432
125664
116890
122971
109571
89841
80016
82465
125385
98830
47174
120918
115024
113560
119277
98409
119631
127115
81705
35866
62121
45516
124843
102239
84151
125141
42968
112930
95998
112936
97817
42953
124279
109582
51837
112754
35284
48284
46532
124771
49250
52038
57769
81546
45180
123171
122627
43112
53927
121956
54666
104480
123973
119960
86421
115745
66238
113065
108949
109926
99404
60149
26009
65892
124687
26727
81093
44832
96685
20679
126991
115684
123036
115744
68907
114198
95765
127354
121569
125105
125537
124961
127011
127286
55049
53046
49744
125468
54759
78405
125026
91535
94895
109958
111280
58944
79826
80464
14613
68515
68953
75027
72679
127665
116824
98435
85872
121932
113580
22121
42291
119827
53486
48046
48165
108724
117037
23145
127759
124262
89005
51809
114085
66325
116563
27135
94701
53631
125969
116595
117040
119915
126285
127493
117449
81974
27959
102661
117730
61138
83772
25924
80898
50611
50210
32383
11910
117629
114217
112381
26562
116432
42175
96334
91198
81025
109004
124074
114075
110882
114258
66483
63523
122732
75479
121015
115472
72745
36347
82712
120542
117731
118425
108977
80157
79852
118181
65258
124204
27189
126531
115164
97710
110842
99145
123224
47436
66752
98954
99273
119197
123954
120137
119054
93661
107269
61366
85469
38806
93695
32587
66330
112034
97581
114309
91540
115000
121928
73628
77427
103779
39267
23957
40849
125937
96693
103428
125190
10818
55816
121917
81303
49766
56323
48122
116401
114809
94327
118880
95430
97784
83361
126681
61898
83484
119082
36796
124429
81371
4117
97558
125832
33414
117087
68664
41417
104084
73120
87049
47851
123811
121652
59395
92482
108897
80033
121494
127752
48134
111083
114923
123016
127981
123476
124809
102894
75920
103017
123705
123358
113712
127831
106959
91397
121013
125288
109011
109841
24484
114641
111814
81903
113861
126934
126417
118222
38721
121663
118004
45198
114170
57057
79062
116633
116240
119296
86645
127263
124829
113035
110913
30539
91508
108884
40572
46526
38835
112945
113990
56130
85524
76779
75000
119051
118725
120965
126527
123790
122424
118242
90343
93805
117592
19083
91107
119173
126643
125617
122925
64065
113250
121242
122441
127623
108921
120527
40673
20977
126846
61331
54995
112570
125632
123668
87268
118311
120663
127648
117931
73007
127844
120780
117458
114327
119501
125650
113944
124102
71014
96098
126691
61619
114311
118594
114283
122232
51017
97913
93245
31270
127529
117093
29233
127983
43372
76794
126247
94141
40969
123879
70157
126911
98715
125574
100199
25895
70600
123639
121783
50148
121474
121650
121985
119692
43148
31490
108303
30078
31118
35441
116433
69269
121563
39866
125116
89476
117071
116991
112223
39878
85521
106516
121332
118321
120913
125471
124126
86547
116459
127255
123423
95556
91938
118191
113646
120536
72105
121617
123027
126140
127391
125273
127165
21392
114869
57102
106452
115994
120400
60405
111541
65769
120608
127504
125826
122952
96913
86984
125965
81675
124774
90207
125918
47261
100065
122605
125600
121636
94835
41899
124125
127490
31318
122094
124210
120450
120121
124943
117932
49164
126366
121473
106892
116940
120274
127166
104700
122565
120648
120161
116628
117660
125637
122000
46118
127510
113033
125215
86714
121763
31995
108960
122455
119851
107025
88348
126223
123999
119029
70595
124817
120455
123387
123026
94336
95525
96173
125307
81325
121943
126251
126360
127607
119209
127747
92193
124728
125785
126638
122923
124252
121893
96725
33682
122381
126290
124320
127982
99564
69961
124744
94288
125425
88208
122397
119308
77504
28212
125214
100121
94053
117880
120302
20803
126873
126139
123896
122408
80582
87496
125291
123235
66915
124047
66624
127684
121535
122848
108460
122852
76402
82000
126416
123897
33486
126295
126980
47656
97720
114658
126104
596
127292
120507
116105
127453
80118
98161
118179
75382
120185
126925
127672
123269
83315
83949
127016
89658
119050
123130
61038
121428
72020
126936
125920
86542
118185
111452
123971
119392
123314
102119
55287
80615
127656
115501
77436
84877
127169
127187
121891
46809
127676
93844
114437
116546
123122
122102
122801
753
123865
119270
96283
23431
123636
23002
120645
121644
122029
126418
62645
125964
127484
110760
98182
90004
126409
123951
124559
126649
127351
96884
77479
72129
117052
125711
92261
127044
34534
123150
124035
90746
120001
118349
123478
121388
36979
126931
55337
21812
97346
122570
67672
127976
93179
123981
125984
70714
126479
121558
126982
123353
119512
56222
121976
127417
124968
126552
121204
115156
125251
81569
124151
66609
115033
111265
74589
76944
123844
68961
124026
61013
125905
124517
120755
85154
125917
127549
126718
121417
121922
95684
127345
119136
112309
127114
126779
124432
119719
117823
127305
125901
117472
121085
123401
127650
97100
123656
121244
44691
97702
126775
122421
123670
122187
121947
122782
121001
122133
115840
126412
72734
123338
117644
115530
33761
116566
77606
121662
122531
119243
92273
97923
113367
111410
120621
119416
118640
111877
87257
76211
86818
81752
96745
123176
113398
87173
123591
74010
123392
123493
92377
4475
5437
6199
13288
18708
19864
21863
23285
24268
24688
24859
25782
25870
28356
29067
33970
34921
36278
36393
37769
38854
39439
42448
43336
43413
46234
46477
48509
49849
50228
51260
53368
53898
53906
54125
55230
55742
56919
56990
59050
59308
60582
61453
62904
63516
64139
64500
65353
65707
66950
66977
67390
67806
69398
70133
71285
71293
71697
71831
73249
73319
73673
74578
78237
80241
80521
81028
81278
81358
81380
81692
82350
83042
83806
84234
85445
85805
86498
87172
87894
90534
91292
91604
92150
92666
92988
93004
93287
94278
94355
94537
94844
95591
95899
95925
96169
98160
98629
99287
99860
100112
100158
104574
104738
105490
106992
107494
107964
108333
108425
108477
108834
108837
109056
109478
109481
109517
109636
110124
110453
110502
110646
111020
111092
111370
111909
112039
112243
112245
112258
112362
112399
112451
112558
112606
113204
113222
113375
113752
113851
114014
114114
114201
114292
114354
114431
114769
115003
115064
115189
115328
115581
115799
115833
116041
116115
116195
116196
116209
116741
116747
116804
116808
116814
116990
117411
117580
117917
117953
118047
118083
118375
118807
119487
119604
119611
119786
119969
120153
120355
120635
120801
120912
121151
121306
121390
121586
121785
121881
121882
122076
122160
122175
122226
122252
122266
122311
122586
122704
122723
122738
122828
122901
123252
123451
123768
123778
124022
124066
124692
124805
124928
124934
125099
125483
125613
125705
125820
125906
126058
126176
126293
126443
126471
126743
127038
127039
127437
127451
127771
127815
